-0.5360419906251395
-0.5360419906251395
-0.5360419906251395
-0.5360419906251395
-0.5360419906251395
-0.5360419906251395
-0.5360419906251395
-0.5360419906251395
-0.5360419906251395
-0.5360419906251395
-0.5360419906251395
-0.5360419906251395
-0.5360419906251395
-0.5360419906251395
-0.5360419906251395
-0.5360419906251395
-0.5360419906251395
-0.5360419906251395
-0.5360419906251395
-0.5360419906251395
-0.5360419906251395
-0.5360419906251395
-0.5360419906251395
-0.5360419906251395
-0.5360419906251395
-0.5352813050707832
-0.5352813050707832
-0.17567313945448151
-0.6579431475037275
-1.9623682682037351
-0.11139494375471433
-0.12143479060537901
-0.008484765578845655
-0.009179840852148794
-0.0012756880854976364
-0.10422626016672457
-0.17567313945448151
-0.26619840625028734
-0.5352813050707832
-1.4315944340749371
-0.08762015447118808
